27774
27773
27772
27771
27770
27769
27768
27767
27766
27765
27764
27763
27762
27761
27760
27759
27758
27757
27756
27755
27754
27753
27752
27751
27750
27749
27748
27747
27746
27745
27744
27743
27742
27741
27740
27739
27738
27737
27736
27735
27734
27733
27732
27731
27730
27729
27728
27727
27725
27724
27723
27722
27721
27720
27719
27718
27717
27716
27715
27714
27713
27712
27711
27710
27709
27708
27707
27706
27705
27704
27703
27702
27701
27700
27699
27698
27697
27696
27695
27694
27693
27692
27691
27690
27689
27688
27687
27686
27685
27684
27683
27682
27681
27680
27679
27678
27677
27676
27675
27674
27673
27672
27671
27670
27669
27668
27667
27666
27665
27664
27663
27662
27661
27660
27659
27658
27657
27656
27655
27654
27653
27652
27651
27650
27649
27648
27647
27646
27645
27644
27643
27642
27641
27640
27639
27638
27637
27636
27635
27634
27633
27632
27631
27630
27629
27628
27627
27626
27625
27624
27623
27622
27621
27620
27619
27618
27617
27616
27615
27614
27613
27612
27611
27610
27609
27608
27607
27606
27605
27604
27603
27602
27601
27600
27599
27598
27597
27596
27595
27594
27593
27592
27591
27590
27589
27588
27587
27586
27585
27584
27583
27582
27581
27580
27579
27578
27577
27576
27575
27574
27573
27572
27571
27570
27569
27568
27567
27566
27565
27564
27563
27562
27561
27560
27559
27558
27557
27556
27555
27554
27553
27552
27551
27550
27549
27548
27547
27546
27545
27544
27543
27542
27541
27540
27539
27538
27537
27536
27535
27534
27533
27532
27531
27530
27529
27528
27527
27526
27525
27524
27523
27521
27520
27519
27518
27517
27516
27515
27514
27513
27512
27511
27510
27509
27508
27507
27506
27505
27504
27503
27502
27501
27500
27499
27498
27497
27496
27495
27494
27493
27492
27491
27490
27489
27488
27487
27486
27485
27484
27483
27482
27481
27480
27479
27478
27477
27476
27475
27474
27473
